      0 0.209055
      1 1.491392
      2 0.677256
      3 1.698082
      4 3.265519
      5 1.381839
      6 1.009847
      7 9.525836
      8 0.151564
      9 1.123935
     10 1.763059
     11 6.859769
     12 0.950211
     13 0.011335
     14 1.424991
     15 1.321416
     16 0.187224
     17 0.485820
     18 6.604116
     19 3.638054
     20 4.272874
     21 0.685442
     22 4.040336
     23 0.852828
     24 1.776226
     25 0.475829
     26 1.318331
     27 2.255334
     28 0.445669
     29 1.710530
     30 2.057454
     31 0.115266
     32 5.774050
     33 8.237669
     34 0.067160
     35 6.923596
     36 8.648595
     37 2.765627
     38 0.815335
     39 1.819530
     40 2.885322
     41 0.994459
     42 0.009977
     43 1.965124
     44 1.898610
     45 1.436434
     46 1.625210
     47 7.591946
     48 1.171739
     49 1.412398
     50 0.313578
     51 1.556904
     52 3.403700
     53 0.176472
     54 0.978313
     55 0.062596
     56 0.661300
     57 0.868654
     58 0.489482
     59 5.480970
     60 3.700390
     61 5.506282
     62 5.590323
     63 2.191016
     64 4.455070
     65 0.918433
     66 2.387048
     67 3.697962
     68 4.965581
     69 0.144616
     70 4.824545
     71 0.152073
     72 4.193325
     73 0.072684
     74 0.432562
     75 0.474622
     76 5.235000
     77 1.026496
     78 3.389810
     79 0.150326
     80 1.235968
     81 8.011821
     82 0.330150
     83 0.178545
     84 0.817883
     85 0.195773
     86 6.276048
     87 0.024367
     88 0.926592
     89 0.662776
     90 6.096284
     91 0.715188
     92 0.085078
     93 0.265664
     94 1.770961
     95 3.178231
     96 2.899907
     97 0.872195
     98 1.853044
     99 0.740690
    100 0.661781
    101 3.041527
    102 1.437515
    103 0.519630
    104 1.016992
    105 0.101432
    106 0.391125
    107 0.226641
    108 0.449097
    109 1.787069
    110 0.553990
    111 1.723441
    112 1.565401
    113 0.084561
    114 1.252594
    115 0.010402
    116 0.239064
    117 2.863782
    118 2.316257
    119 6.654054
    120 5.687164
    121 2.465657
    122 1.072356
    123 4.548227
    124 1.876816
    125 0.965451
    126 0.436262
    127 2.281856
    128 0.568693
    129 0.101015
    130 0.029532
    131 0.279406
    132 4.204223
    133 3.166470
    134 0.526640
    135 0.937926
    136 0.332220
    137 0.272326
    138 0.037243
    139 3.352537
    140 2.931799
    141 6.991327
    142 0.566812
    143 0.509704
    144 0.162979
    145 2.765573
    146 1.834919
    147 0.246622
    148 0.131792
    149 8.621997
    150 0.684389
    151 0.317250
    152 0.058613
    153 0.203728
    154 1.598271
    155 0.414742
    156 3.152345
    157 1.364248
    158 5.610121
    159 5.152267
    160 1.731297
    161 3.816640
    162 3.611796
    163 1.020556
    164 6.575811
    165 0.812231
    166 0.766378
    167 0.213520
    168 2.102572
    169 0.701714
    170 0.686171
    171 2.714685
    172 2.178121
    173 1.397831
    174 2.918010
    175 2.180178
    176 3.428282
    177 0.451060
    178 0.536803
    179 3.974414
    180 2.709834
    181 0.058182
    182 2.361668
    183 3.872620
    184 0.445043
    185 1.486148
    186 0.294287
    187 0.749708
    188 4.845127
    189 1.388412
    190 1.745148
    191 0.348491
    192 1.159180
    193 0.725910
    194 3.371054
    195 0.468910
    196 1.875165
    197 2.629822
    198 1.788251
    199 8.382864
    200 2.864218
    201 3.903158
    202 0.645715
    203 0.177997
    204 0.565839
    205 3.466775
    206 0.890445
    207 0.342095
    208 0.044784
    209 3.413388
    210 0.240880
    211 0.048968
    212 1.098500
    213 0.746832
    214 3.975475
    215 0.522600
    216 1.244365
    217 1.389986
    218 0.674119
    219 2.063185
    220 1.015943
    221 0.525590
    222 3.117562
    223 1.670974
    224 1.396276
    225 3.060729
    226 2.129078
    227 1.677288
    228 0.607052
    229 1.168081
    230 10.961828
    231 0.558407
    232 4.766208
    233 0.939663
    234 3.940486
    235 4.516066
    236 1.138454
    237 4.468501
    238 0.100407
    239 5.662337
    240 4.243459
    241 3.533428
    242 2.661024
    243 2.727313
    244 2.155194
    245 0.547290
    246 1.384852
    247 0.378341
    248 0.289289
    249 2.427039
    250 1.438577
    251 2.179880
    252 5.182177
    253 1.513208
    254 718.518205
    255 713.719845
