      0 -2599.413280
      1 -10067.177447
      2 22833.535367
      3 -3460.782238
      4 12589.633104
      5 -195.993757
      6 290.345557
      7 3798.047972
      8 4045.028529
      9 3663.436169
     10 -4632.113264
     11 6164.695276
     12 3978.966794
     13 598.849765
     14 4428.720289
     15 13035.816243
     16 -2107.175198
     17 7629.744227
     18 9267.072969
     19 -1137.567467
     20 3742.905779
     21 -2659.241253
     22 5031.162362
     23 7475.560618
     24 -13877.280527
     25 17837.148870
     26 -887.263830
     27 3383.391633
     28 -6948.535452
     29 16279.970448
     30 8606.918466
     31 5055.560531
     32 2323.775268
     33 -675.368884
     34 616.207799
     35 7818.046259
     36 2886.593371
     37 529.419065
     38 12354.594557
     39 -10025.963793
     40 16854.590222
     41 -17548.110105
     42 32140.970741
     43 -1680.608031
     44 -223.045675
     45 1485.729574
     46 20579.147112
     47 -27694.486960
     48 51788.005768
     49 -3111.793175
     50 3635.077162
     51 7632.232668
     52 -22836.097623
     53 26175.585770
     54 28282.296155
     55 -4172.721912
     56 9570.499543
     57 2890.364370
     58 13523.872122
     59 -7689.341076
     60 16635.387980
     61 -4366.163162
     62 14869.152840
     63 -2985.853649
     64 1307.792200
     65 10810.171939
     66 11931.236943
     67 110.517805
     68 -3423.243814
     69 7296.932569
     70 2649.316228
     71 3862.660623
     72 -1322.993817
     73 2182.805745
     74 677.229039
     75 4171.599664
     76 3767.862441
     77 1178.026721
     78 -1512.312260
     79 3287.383387
     80 533.107002
     81 17.141058
     82 -10708.910315
     83 15130.223813
     84 -18954.540424
     85 28395.515286
     86 17916.668875
     87 -3683.935101
     88 3709.914907
     89 11472.371369
     90 23146.564353
     91 6241.853075
     92 13282.544772
     93 356.826883
     94 -1791.363722
     95 159.569233
     96 17878.509080
     97 -7223.548519
     98 9405.953393
     99 -1550.521360
    100 7264.736290
    101 9890.713347
    102 -1259.523530
    103 2465.600382
    104 826.876093
    105 -254.506770
    106 2587.174054
    107 -610.837864
    108 1223.740248
    109 -2968.391734
    110 -4751.720521
    111 23160.046844
    112 2315.936831
    113 6933.736964
    114 11077.853762
    115 8.236706
    116 -2544.250985
    117 2925.017609
    118 -337.000790
    119 2224.880719
    120 141.172214
    121 -589.069107
    122 307.109070
    123 -3571.624066
    124 5885.565772
    125 3355.563374
    126 -14776.436140
    127 27164.786816
    128 1880.746700
    129 6905.913972
    130 -1838.827771
    131 8472.671134
    132 11775.576155
    133 -6773.651374
    134 12968.603537
    135 -1769.684576
    136 8257.924205
    137 4209.535308
    138 6400.126966
    139 -194.668173
    140 -5388.998277
    141 22641.604648
    142 -1179.818439
    143 5412.490048
    144 10382.998702
    145 2887.413016
    146 10554.298016
    147 -2196.237951
    148 -140.670243
    149 5298.973585
    150 -4717.437432
    151 4070.002548
    152 17017.283354
    153 520.816784
    154 -266.683080
    155 -13809.061755
    156 26752.356464
    157 1931.587698
    158 2060.107090
    159 -3567.340610
    160 6245.239073
    161 8427.915501
    162 1578.245618
    163 4004.060536
    164 -3339.547536
    165 5488.471950
    166 -707.052891
    167 3283.199670
    168 -2730.004814
    169 12973.039226
    170 2759.739469
    171 -6538.419990
    172 17168.541221
    173 70.577208
    174 -3081.180304
    175 3327.510265
    176 6631.444160
    177 2514.612598
    178 -112838.751021
    179 143204.357276
    180 1031.524061
    181 23.151584
    182 -2936.882453
    183 7478.298567
    184 2785.952824
    185 634.034692
    186 4087.836523
    187 536.296597
    188 1596.675046
    189 -4172.639816
    190 10118.925578
    191 13178.518156
    192 803.239729
    193 -134.005126
    194 2972.643235
    195 -5740.268498
    196 8991.600636
    197 3992.398110
    198 12993.731397
    199 -136.880709
    200 -4502.366760
    201 12866.603965
    202 -123.341839
    203 -2710.066980
    204 10409.006225
    205 2440.040277
    206 3585.324865
    207 1064.948295
    208 3119.718758
    209 1012.273622
    210 745.799433
    211 -4021.677366
    212 12150.147512
    213 2655.589951
    214 -189.177718
    215 7528.086809
    216 633.001337
    217 59.194896
    218 3319.128223
    219 -138.051630
    220 3644.123625
    221 1674.923198
    222 6219.998415
    223 -7668.137732
    224 15173.142739
    225 -1022.350787
    226 -19172.068741
    227 20508.589049
    228 22465.431548
    229 -2386.592699
    230 17371.239626
    231 20.945569
    232 -1898.273396
    233 -3672.256486
    234 20293.014681
    235 60.833913
    236 -600.261942
    237 3012.557646
    238 -1841.400152
    239 1898.178561
    240 6523.809537
    241 -4574.651543
    242 10359.439180
    243 -2343.597831
    244 -6539.469498
    245 21415.733532
    246 -465.523883
    247 1554.429603
    248 -11746.913931
    249 19371.486001
    250 1105.169402
    251 -8729.670372
    252 25565.279101
    253 18177.123385
    254 3176.593027
    255 -492.356805
    256 3110.930803
    257 -2400.670414
    258 19421.841456
    259 -12770.538062
    260 13329.417378
    261 10631.223052
    262 802.436581
    263 1187.150558
