      0 -3388.298293
      1 13622.955183
      2 -3581.133063
      3 5207.451036
      4 46.132042
      5 4026.307260
      6 -446.065083
      7 164.024581
      8 6110.261991
      9 -258.382019
     10 11998.666730
     11 -1514.723258
     12 10023.305587
     13 -4210.765201
     14 7958.410094
     15 3445.665616
     16 8137.488695
     17 1657.201308
     18 -5619.617112
     19 20729.827225
     20 842.543174
     21 1717.597959
     22 5493.431372
     23 9030.395575
     24 -6257.557959
     25 17217.941391
     26 -540.598066
     27 -9027.054230
     28 5001.822357
     29 22408.568468
     30 -5682.139298
     31 6927.725035
     32 28352.939946
     33 384.871816
     34 -13709.235174
     35 34021.217330
     36 2145.185859
     37 -6054.286499
     38 -16551.303679
     39 52664.556235
     40 5792.494054
     41 1911.038408
     42 36816.548459
     43 1705.831005
     44 139.367243
     45 4664.207145
     46 5824.205699
     47 -3884.103643
     48 18780.594260
     49 -9722.604820
     50 22763.076093
     51 -2892.713653
     52 1527.435450
     53 8356.104455
     54 -1561.101408
     55 12835.341390
     56 -6857.775662
     57 9184.844725
     58 -1029.918994
     59 -1152.984999
     60 15401.146343
     61 170.123614
     62 1272.575340
     63 -1217.020385
     64 3372.231465
     65 -190.858395
     66 -3443.740359
     67 10531.188048
     68 -7422.148933
     69 20482.464674
     70 13529.993863
     71 6412.733885
     72 1311.079366
     73 -914.241763
     74 -344.027664
     75 -2910.087360
     76 12122.171926
     77 -9751.229627
     78 25106.323839
     79 370.284764
     80 2663.080856
     81 -2073.058700
     82 31376.839000
     83 -1221.711871
     84 2927.680683
     85 2761.537573
     86 -4413.588912
     87 9406.937614
     88 252.086854
     89 -524.776028
     90 2245.706674
     91 343.464437
     92 1725.191678
     93 -11139.563040
     94 15180.784940
     95 -25142.036076
     96 27659.288290
     97 21864.645698
     98 17.672532
     99 7137.707620
    100 18008.217635
    101 -3398.939348
    102 10997.996823
    103 -6933.042037
    104 12164.354046
    105 4298.352219
    106 -81.514101
    107 -1379.310073
    108 5248.739733
    109 -1384.303828
    110 6802.918394
    111 -2631.265240
    112 9588.673345
    113 -23.589983
    114 -1017.253802
    115 1597.674995
    116 -565.665624
    117 1479.156527
    118 2816.762476
    119 17438.226394
    120 -1039.385355
    121 1607.621598
    122 -1616.634039
    123 4755.553468
    124 21001.117476
    125 2734.780935
    126 35.255855
    127 -560.731112
    128 2104.523440
    129 3061.146002
    130 4028.454922
    131 12.561422
    132 15825.920142
    133 150.944936
    134 -3543.890414
    135 5972.939804
    136 4598.773342
    137 2665.484570
    138 4257.747023
    139 9242.831557
    140 528.488981
    141 -664.442138
    142 71.997808
    143 3722.226177
    144 2172.430002
    145 1009.909000
    146 1600.316869
    147 -0.713799
    148 -2592.059406
    149 1758.290716
    150 0.870609
    151 20357.734910
    152 9191.006743
    153 -1073.393544
    154 9004.393158
    155 2583.919781
    156 -114.509233
    157 6408.970653
    158 568.541061
    159 -4248.406959
    160 -6425.310565
    161 12713.331257
    162 9539.884318
    163 10245.844609
    164 -618.158550
    165 -2114.100236
    166 58997.020445
    167 -2833.417842
    168 7519.826790
    169 -10336.924012
    170 21146.624916
    171 1674.162785
    172 1443.315556
    173 -1775.828150
    174 2777.650171
    175 -300.673031
    176 -3930.848881
    177 7680.353195
    178 11378.923636
    179 -4059.179780
    180 -36067.201044
    181 59787.559016
    182 -5177.476062
    183 31515.138224
    184 2003.325860
    185 6868.543067
    186 -2023.230807
    187 10230.931387
    188 8915.733140
    189 -5365.679599
    190 14450.684767
    191 1149.874704
    192 10243.661582
    193 -526.666944
    194 2949.621704
    195 -3902.606273
    196 13049.117663
    197 -20.331320
    198 1477.291568
    199 104.874100
    200 15.346343
    201 -348.089434
    202 1467.543087
    203 2323.751828
    204 14197.950262
    205 59.827269
    206 3510.742383
    207 -13450.039038
    208 65837.509083
    209 -3354.050590
    210 3971.992339
    211 1990.426636
    212 -877.598817
    213 -618.550443
    214 4777.996120
    215 2481.746505
    216 868.402346
    217 3773.899406
    218 -4937.430238
    219 9079.715545
    220 -6672.529889
    221 33567.754278
    222 -1023.842926
    223 909.226062
    224 -2391.658459
    225 10600.889192
    226 714.557839
    227 409.546137
    228 12704.609298
    229 122.859162
    230 9926.281502
    231 1351.295300
    232 1066.884048
    233 4129.871027
    234 -12486.417346
    235 22501.241352
    236 -15555.365122
    237 35209.178375
    238 940.070320
    239 4174.134983
    240 -1716.011502
    241 2816.465726
    242 -1163.222462
    243 5853.577467
    244 16724.394134
    245 2577.101509
    246 -102202.898612
    247 149809.526929
    248 146.659716
    249 -3755.135485
    250 5535.596283
    251 881.972163
    252 394.327351
    253 -1901.451047
    254 5037.874447
    255 379.220003
    256 2005.390631
    257 6493.200273
    258 1068.330586
    259 4379.408723
    260 -673.606269
    261 12059.902148
    262 13776.960981
    263 9526.718185
    264 16.694789
    265 -1599.537128
    266 2393.389585
    267 -3560.090209
    268 7144.289088
    269 -1083.334783
    270 -3882.176340
    271 23642.843386
    272 950.259982
    273 -9887.731051
    274 16784.852582
    275 -301.432909
    276 2700.599610
    277 -1424.783788
    278 2324.037668
    279 -10761.459507
    280 16171.385784
    281 1244.263378
    282 -7614.073583
    283 11121.794349
    284 6453.362826
    285 12829.241218
    286 3400.603337
    287 2009.796107
    288 -346.608715
    289 -1196.672517
    290 4960.383855
    291 10.438997
    292 9.067767
    293 -13.812940
    294 -1604.766769
    295 2452.928314
    296 3509.975409
    297 327.191694
    298 -210.570247
    299 19857.075953
    300 -1091.285002
    301 3115.612256
    302 -1622.122616
    303 -184.731717
    304 -1673.253514
    305 13559.053262
    306 -3599.471649
    307 9452.270515
    308 -3213.711977
    309 -2281.764936
    310 20687.239647
    311 763.859309
    312 18145.903923
    313 -2173.650314
    314 6835.740412
    315 12741.657237
    316 587.203574
    317 -12390.332483
    318 16172.040840
    319 2859.070434
    320 -2049.693672
    321 8609.179870
    322 699.201165
    323 -18184.241611
    324 49227.538717
    325 -499.846082
    326 3632.949809
    327 -2294.934711
    328 -2052.092549
    329 7659.451851
    330 1132.272162
    331 -8195.236513
    332 37487.027097
    333 -11106.925911
    334 13760.011651
    335 4540.879904
    336 -3980.859271
    337 9780.548349
    338 -6445.582961
    339 14984.600787
    340 -5953.190036
    341 9109.902077
