      0 -2599.413280
      1 -10067.177447
      2 22833.535367
      3 -3460.782238
      4 12589.633104
      5 -195.993757
      6 290.345557
      7 3798.047972
      8 4045.028529
      9 3663.436169
     10 -4632.113264
     11 6164.695276
     12 3978.966794
     13 598.849765
     14 7483.568648
     15 1203.030896
     16 13035.816243
     17 -2107.175198
     18 7629.744227
     19 9267.072969
     20 -1137.567467
     21 3742.905779
     22 2148.905615
     23 -3057.834793
     24 5031.162362
     25 7475.560618
     26 -13877.280527
     27 17837.148870
     28 -887.263830
     29 3383.391633
     30 -6948.535452
     31 16279.970448
     32 8606.918466
     33 5055.560531
     34 2323.775268
     35 -675.368884
     36 616.207799
     37 7818.046259
     38 2886.593371
     39 529.419065
     40 12354.594557
     41 -10025.963793
     42 16854.590222
     43 -17548.110105
     44 32140.970741
     45 -1680.608031
     46 -223.045675
     47 1485.729574
     48 20579.147112
     49 -27694.486960
     50 51788.005768
     51 -3111.793175
     52 3635.077162
     53 7632.232668
     54 -22836.097623
     55 26175.585770
     56 28282.296155
     57 -4172.721912
     58 9570.499543
     59 2890.364370
     60 13523.872122
     61 -7689.341076
     62 16635.387980
     63 -4366.163162
     64 14869.152840
     65 -2985.853649
     66 1307.792200
     67 10810.171939
     68 11931.236943
     69 110.517805
     70 -3423.243814
     71 7296.932569
     72 2649.316228
     73 3862.660623
     74 -1322.993817
     75 2182.805745
     76 677.229039
     77 4171.599664
     78 3767.862441
     79 1178.026721
     80 -1512.312260
     81 3287.383387
     82 533.107002
     83 17.141058
     84 -10708.910315
     85 15130.223813
     86 -18954.540424
     87 28395.515286
     88 17916.668875
     89 -3683.935101
     90 3709.914907
     91 11472.371369
     92 23146.564353
     93 6241.853075
     94 13282.544772
     95 356.826883
     96 -1791.363722
     97 159.569233
     98 17878.509080
     99 -7223.548519
    100 9405.953393
    101 -1550.521360
    102 7264.736290
    103 9890.713347
    104 -1259.523530
    105 2465.600382
    106 826.876093
    107 -254.506770
    108 2587.174054
    109 -610.837864
    110 1223.740248
    111 -2968.391734
    112 -4751.720521
    113 23160.046844
    114 2315.936831
    115 6933.736964
    116 11077.853762
    117 8.236706
    118 -2544.250985
    119 2925.017609
    120 -337.000790
    121 2224.880719
    122 141.172214
    123 -589.069107
    124 307.109070
    125 -3571.624066
    126 5885.565772
    127 3355.563374
    128 -14776.436140
    129 27164.786816
    130 1880.746700
    131 6905.913972
    132 -1838.827771
    133 8472.671134
    134 10506.525748
    135 1731.595568
    136 -6773.651374
    137 12968.603537
    138 -1769.684576
    139 8257.924205
    140 4209.535308
    141 6400.126966
    142 -194.668173
    143 -5388.998277
    144 22641.604648
    145 -1179.818439
    146 5412.490048
    147 10382.998702
    148 2887.413016
    149 10554.298016
    150 -2196.237951
    151 -140.670243
    152 5298.973585
    153 -4717.437432
    154 4070.002548
    155 17017.283354
    156 520.816784
    157 -266.683080
    158 -13809.061755
    159 26752.356464
    160 1931.587698
    161 2060.107090
    162 -3567.340610
    163 6245.239073
    164 8427.915501
    165 1578.245618
    166 4004.060536
    167 -3339.547536
    168 5488.471950
    169 -707.052891
    170 3283.199670
    171 -2730.004814
    172 12973.039226
    173 2759.739469
    174 -6538.419990
    175 17168.541221
    176 70.577208
    177 -3081.180304
    178 3327.510265
    179 6631.444160
    180 2514.612598
    181 -112838.751021
    182 143204.357276
    183 1031.524061
    184 -5125.801414
    185 13303.372931
    186 -2936.882453
    187 7478.298567
    188 2785.952824
    189 634.034692
    190 4087.836523
    191 536.296597
    192 1596.675046
    193 -4172.639816
    194 10118.925578
    195 13178.518156
    196 803.239729
    197 -134.005126
    198 2972.643235
    199 -5740.268498
    200 8991.600636
    201 3992.398110
    202 12993.731397
    203 -136.880709
    204 -4502.366760
    205 12866.603965
    206 -123.341839
    207 -2710.066980
    208 10409.006225
    209 2440.040277
    210 3585.324865
    211 1064.948295
    212 3119.718758
    213 1012.273622
    214 745.799433
    215 -4021.677366
    216 12150.147512
    217 2655.589951
    218 -189.177718
    219 7528.086809
    220 633.001337
    221 59.194896
    222 3319.128223
    223 -138.051630
    224 3644.123625
    225 1674.923198
    226 6219.998415
    227 -7668.137732
    228 15173.142739
    229 -1022.350787
    230 -19172.068741
    231 20508.589049
    232 22465.431548
    233 -2386.592699
    234 17371.239626
    235 20.945569
    236 -1898.273396
    237 -3672.256486
    238 20293.014681
    239 60.833913
    240 -600.261942
    241 3012.557646
    242 -1841.400152
    243 1898.178561
    244 6523.809537
    245 -4574.651543
    246 10359.439180
    247 -2343.597831
    248 -6539.469498
    249 21415.733532
    250 -465.523883
    251 1554.429603
    252 -11746.913931
    253 19371.486001
    254 1105.169402
    255 -8729.670372
    256 25565.279101
    257 18177.123385
    258 3176.593027
    259 -492.356805
    260 3110.930803
    261 -2400.670414
    262 19421.841456
    263 -12770.538062
    264 13329.417378
    265 10631.223052
    266 802.436581
    267 1187.150558
