      0 -6233.930600
      1 8868.252582
      2 395.094317
      3 2106.699122
      4 -3189.754666
      5 3195.038399
      6 2709.010181
      7 6426.031020
      8 -1374.484619
      9 10521.732902
     10 270.879794
     11 -1370.727300
     12 13919.851730
     13 -2439.042439
     14 9031.867425
     15 1189.028788
     16 4500.746636
     17 -243.525345
     18 4371.565466
     19 3669.378863
     20 -3337.859254
     21 6545.075550
     22 -447.027667
     23 4056.567786
     24 3404.413450
     25 -983.225977
     26 2949.468120
     27 3033.646341
     28 -2150.026898
     29 5203.368900
     30 0.781863
     31 -10053.759191
     32 13665.579431
     33 -1219.489995
     34 -15554.718038
     35 40842.964186
     36 -1335.261970
     37 3231.944797
     38 -2403.147177
     39 5983.739700
     40 4766.357804
     41 -3330.851460
     42 5165.947943
     43 3508.560132
     44 -7153.736001
     45 13211.366584
     46 349.280720
     47 29645.564821
     48 -29.285633
     49 86.663176
     50 243.749812
     51 -1045.619063
     52 -3965.167921
     53 5767.131088
     54 5353.043725
     55 -3648.813005
     56 15933.008681
     57 -361.122954
     58 5516.419104
     59 -1456.043556
     60 8967.928702
     61 -2140.537950
     62 -23930.511629
     63 103065.197230
     64 -534.321077
     65 2600.785477
     66 -462.383757
     67 -527.915315
     68 3592.220909
     69 627.080813
     70 1949.790817
     71 -52.882515
     72 -1443.222991
     73 -18186.512592
     74 37596.477941
     75 -5696.977030
     76 16890.716544
     77 8662.452738
     78 -15302.035439
     79 72179.683895
     80 -1207.185792
     81 754.357116
     82 12570.359414
     83 -1294.766702
     84 8616.242099
     85 -410.927707
     86 -6850.847779
     87 26476.903546
     88 -15553.681359
     89 32204.915559
     90 4057.221411
     91 -1691.902884
     92 -6605.494646
     93 11456.888480
     94 12364.815673
     95 -5385.586723
     96 10011.225620
     97 -4549.715406
     98 15628.941336
     99 -7813.807102
    100 14505.835867
    101 3948.083840
    102 4044.987946
    103 24577.984638
    104 8870.113863
    105 -580.913480
    106 5011.448878
    107 -4347.876895
    108 3759.089203
    109 5965.572624
    110 365.792669
    111 -4073.474632
    112 345.849039
    113 4432.446765
    114 5897.314189
    115 13.935806
    116 -7773.359803
    117 21604.114946
    118 -381.678307
    119 152.262429
    120 6707.726239
    121 2501.824590
    122 -251.252589
    123 142.535624
    124 1317.057417
    125 2529.108689
    126 2732.625081
    127 397.651554
    128 -442.581699
    129 916.195288
    130 403.290487
    131 -769.814232
    132 4223.771741
    133 -391.963824
    134 3038.251589
    135 65.203621
    136 -13975.188178
    137 15860.659578
    138 5088.142379
    139 1223.459935
    140 1832.415292
    141 -3703.258662
    142 8050.772102
    143 -3676.409737
    144 2790.268063
    145 4820.147573
    146 2920.623606
    147 -15015.757575
    148 17149.896823
    149 3756.556523
    150 11356.286228
    151 2064.086183
    152 -291.312112
    153 -152.094607
    154 1846.414669
    155 2397.702862
    156 10109.876323
    157 2081.686916
    158 -1066.989764
    159 -14188.358861
    160 50055.566447
    161 1976.122101
    162 3880.657296
    163 -3555.054990
    164 7674.527152
    165 19237.286303
    166 -1586.506941
    167 766.629444
    168 4490.121886
    169 -7945.698099
    170 -2262.690267
    171 32908.983749
    172 459.234215
    173 -1952.086468
    174 -5253.591644
    175 13516.537656
    176 -7178.562154
    177 15667.781796
    178 2.754943
    179 -3050.356793
    180 1983.141293
    181 9229.991268
    182 5465.406248
    183 -5442.382417
    184 30620.668441
    185 -220.194361
    186 1609.270954
    187 413.535104
    188 178.737508
    189 -301.984007
    190 2243.916372
    191 2306.361987
    192 10.578543
    193 -203.537807
    194 831.150219
    195 795.721709
    196 -11925.331493
    197 13883.057431
    198 2909.560519
    199 -596.653886
    200 -411.013578
    201 22291.718247
    202 6082.610855
    203 15066.851556
    204 1510.705389
    205 -3221.155629
    206 1320.460082
    207 4316.679871
    208 1310.589346
    209 7494.106665
    210 0.731740
    211 -1952.509472
    212 -12140.567520
    213 22443.465478
    214 1193.176638
    215 -5590.059641
    216 7615.829151
    217 1603.868023
    218 839.437009
    219 20459.954031
    220 -5347.869101
    221 9971.803121
    222 8.564493
    223 -233.186658
    224 -1604.032280
    225 -7083.481274
    226 14601.586324
    227 7763.930678
    228 -573.561629
    229 -1156.734287
    230 14324.113098
    231 -3305.131542
    232 9753.083963
    233 2685.985739
    234 1815.206388
    235 302.539027
    236 525.339998
    237 17520.789429
    238 10565.370229
    239 6992.729346
    240 -499.461215
    241 -26.019515
    242 22793.104617
    243 -1241.679626
    244 1193.021137
    245 370.836214
    246 1104.529922
    247 -222.107355
    248 9976.586230
    249 1686.360711
    250 1495.588076
    251 -8093.813591
    252 32103.294247
    253 -2141.671669
    254 -172.358348
    255 18050.440452
    256 7633.214772
    257 -809.105022
    258 5546.203576
    259 1785.433789
    260 63.585398
    261 -2756.843346
    262 7135.887047
    263 13589.500890
    264 6816.288482
    265 8839.424194
    266 1152.480979
    267 1780.201518
    268 12649.208323
    269 -3787.425868
    270 19910.362131
    271 -4827.185454
    272 22526.324474
    273 -192.346270
    274 960.326326
    275 2212.292118
    276 471.686867
    277 759.415033
    278 -3057.374668
    279 4610.063744
    280 9.107355
    281 -57.056991
    282 1093.796753
