      0 2.446893
      1 1.129435
      2 6.534645
      3 1.291280
      4 0.681542
      5 0.778126
      6 1.697597
      7 2.470655
      8 0.858858
      9 0.770490
     10 1.574898
     11 2.115857
     12 2.216587
     13 1.431666
     14 0.242295
     15 1.607637
     16 1.594994
     17 2.827474
     18 0.130325
     19 0.594436
     20 4.459478
     21 0.116994
     22 2.102101
     23 1.439268
     24 1.049305
     25 0.243691
     26 1.095071
     27 5.281985
     28 4.133450
     29 1.206137
     30 1.022937
     31 2.943824
     32 2.134470
     33 1.375689
     34 0.406556
     35 1.280415
     36 0.476096
     37 0.219018
     38 3.545528
     39 0.245450
     40 1.173771
     41 1.194390
     42 2.432688
     43 2.760227
     44 0.596132
     45 0.830182
     46 1.582042
     47 3.271207
     48 3.991787
     49 2.711445
     50 1.290789
     51 0.020294
     52 1.267182
     53 2.236497
     54 3.124662
     55 0.879103
     56 0.040160
     57 4.934635
     58 0.573427
     59 0.652597
     60 6.119065
     61 2.034510
     62 3.680883
     63 0.132942
     64 1.289910
     65 1.233045
     66 4.860951
     67 0.411401
     68 3.766570
     69 0.909946
     70 4.847985
     71 1.960783
     72 2.214896
     73 2.071132
     74 0.063640
     75 6.427168
     76 1.310211
     77 0.099832
     78 0.557272
     79 1.934689
     80 0.761447
     81 2.410627
     82 1.246745
     83 0.964678
     84 1.552569
     85 4.220034
     86 2.784830
     87 5.092735
     88 5.144297
     89 3.157958
     90 4.232214
     91 2.573604
     92 1.274559
     93 2.117375
     94 4.457557
     95 1.526982
     96 2.936703
     97 0.163276
     98 0.691798
     99 0.986792
    100 1.769320
    101 1.713275
    102 0.316122
    103 0.430136
    104 6.352885
    105 3.264344
    106 4.875585
    107 3.691294
    108 1.349688
    109 2.757623
    110 0.153130
    111 0.186079
    112 4.836082
    113 2.350633
    114 0.561312
    115 2.697407
    116 6.378901
    117 1.564376
    118 3.611909
    119 0.954703
    120 2.612144
    121 0.820908
    122 0.623326
    123 0.289232
    124 2.028153
    125 1.067953
    126 1.524648
    127 1.042102
    128 0.224790
    129 1.889327
    130 1.091329
    131 0.981892
    132 1.868108
    133 1.976093
    134 6.872806
    135 0.902732
    136 0.089384
    137 2.341271
    138 2.820600
    139 0.895969
    140 3.181373
    141 1.188002
    142 5.080453
    143 1.816956
    144 0.742526
    145 0.554047
    146 0.769577
    147 2.622181
    148 3.721448
    149 0.268514
    150 1.978107
    151 0.430038
    152 0.408391
    153 2.722169
    154 1.045674
    155 0.856717
    156 0.403613
    157 4.962655
    158 1.546534
    159 1.038714
    160 2.395557
    161 3.187260
    162 2.040647
    163 5.578958
    164 1.585079
    165 2.918005
    166 0.291598
    167 1.760963
    168 9.314978
    169 1.753157
    170 2.871882
    171 2.290411
    172 0.400289
    173 1.376544
    174 10.017262
    175 6.775468
    176 2.533552
    177 0.170753
    178 0.500240
    179 2.125510
    180 9.907110
    181 0.968960
    182 0.189104
    183 3.957235
    184 0.114020
    185 3.383094
    186 10.353424
    187 0.163320
    188 1.742660
    189 0.215857
    190 0.922418
    191 0.907947
    192 3.287698
    193 0.598416
    194 0.962804
    195 0.198381
    196 0.601789
    197 1.684285
    198 0.438155
    199 0.882987
    200 3.845487
    201 0.079985
    202 3.958626
    203 4.677911
    204 0.330910
    205 1.269542
    206 2.493649
    207 0.035767
    208 6.720818
    209 1.312330
    210 0.755225
    211 0.587040
    212 6.255984
    213 0.694720
    214 0.462039
    215 1.245035
    216 2.311663
    217 0.737596
    218 2.112339
    219 0.786545
    220 2.926302
    221 0.221704
    222 0.081293
    223 0.723919
    224 6.915551
    225 0.861303
    226 2.197194
    227 1.137785
    228 1.082116
    229 0.118803
    230 1.244365
    231 1.370858
    232 6.828544
    233 1.378272
    234 0.178001
    235 2.256849
    236 1.208095
    237 5.598675
    238 0.001377
    239 0.931682
    240 3.403899
    241 2.671983
    242 0.932561
    243 0.178906
    244 1.136435
    245 0.743610
    246 1.106124
    247 1.231778
    248 1.187361
    249 1.110697
    250 4.289636
    251 2.244501
    252 1.163092
    253 0.066199
    254 13035.419180
    255 12916.112143
