      0 0.496506
      1 3.398921
      2 1.402676
      3 2.102230
      4 3.099045
      5 0.132891
      6 0.682385
      7 1.312188
      8 2.454160
      9 0.018300
     10 0.599989
     11 2.411493
     12 4.348741
     13 1.150243
     14 1.126721
     15 2.066318
     16 1.210108
     17 3.657021
     18 0.434906
     19 0.620376
     20 0.318631
     21 0.069669
     22 3.185583
     23 0.985955
     24 0.422914
     25 1.928409
     26 1.034974
     27 4.714671
     28 0.862554
     29 0.288032
     30 0.364060
     31 3.795541
     32 5.445502
     33 1.850596
     34 0.984870
     35 4.712802
     36 3.099532
     37 0.798218
     38 2.750053
     39 0.930432
     40 3.279282
     41 0.474697
     42 1.501730
     43 0.116228
     44 0.359803
     45 2.844249
     46 4.097144
     47 0.428203
     48 0.674755
     49 1.012625
     50 5.056488
     51 1.499130
     52 2.426409
     53 4.375064
     54 4.226724
     55 0.016945
     56 2.703458
     57 0.577042
     58 2.381603
     59 1.462872
     60 2.046376
     61 2.080679
     62 0.426547
     63 0.318162
     64 4.320954
     65 7.860691
     66 5.879710
     67 2.811000
     68 0.296663
     69 1.444635
     70 3.337706
     71 0.495675
     72 0.609516
     73 0.910148
     74 0.072831
     75 6.225439
     76 0.318518
     77 0.457904
     78 0.501212
     79 6.514952
     80 1.880052
     81 4.472869
     82 3.029802
     83 0.997357
     84 8.285735
     85 2.957182
     86 1.394174
     87 0.509412
     88 0.760033
     89 2.511981
     90 2.407520
     91 0.040342
     92 0.094833
     93 0.158469
     94 0.158879
     95 1.030862
     96 1.033456
     97 0.331565
     98 2.153461
     99 0.348624
    100 0.593729
    101 0.032796
    102 2.129044
    103 4.558220
    104 4.993143
    105 0.806137
    106 3.571804
    107 8.067978
    108 1.816424
    109 0.873628
    110 0.495590
    111 4.906348
    112 0.156878
    113 0.094192
    114 0.834791
    115 9.048949
    116 2.610670
    117 7.870872
    118 0.126536
    119 0.594798
    120 1.299270
    121 1.486600
    122 1.331967
    123 0.105696
    124 3.000705
    125 6.799634
    126 3.235651
    127 0.876152
    128 0.357384
    129 2.774480
    130 2.321357
    131 0.390865
    132 1.455417
    133 0.510238
    134 0.186963
    135 0.133436
    136 0.379815
    137 0.397742
    138 0.391927
    139 6.183810
    140 3.534034
    141 7.961959
    142 1.155932
    143 1.276692
    144 2.081076
    145 2.571287
    146 1.260878
    147 2.560871
    148 0.470388
    149 4.065659
    150 1.657403
    151 0.432043
    152 2.183579
    153 0.212086
    154 0.206847
    155 2.843139
    156 2.138396
    157 2.815358
    158 0.799956
    159 0.416837
    160 7.942036
    161 1.548838
    162 1.993858
    163 0.977954
    164 1.773880
    165 2.018769
    166 1.586268
    167 1.809980
    168 3.719918
    169 0.310867
    170 0.167413
    171 0.861035
    172 0.810763
    173 1.606523
    174 0.711529
    175 5.965857
    176 0.044380
    177 1.929550
    178 1.206057
    179 4.633851
    180 1.284380
    181 7.417888
    182 2.139800
    183 0.980275
    184 1.476026
    185 2.624819
    186 1.044450
    187 4.136549
    188 1.335256
    189 1.646417
    190 0.985676
    191 2.539853
    192 3.215179
    193 3.607035
    194 0.760426
    195 1.031591
    196 1.526379
    197 0.822612
    198 6.193496
    199 3.147834
    200 0.278489
    201 5.455606
    202 0.115495
    203 0.166734
    204 1.315409
    205 0.913015
    206 0.244843
    207 7.483020
    208 3.148950
    209 0.640360
    210 1.827740
    211 18.515297
    212 2.876932
    213 2.352489
    214 4.131969
    215 0.470534
    216 7.555992
    217 2.625624
    218 0.458987
    219 8.137682
    220 0.431166
    221 2.973110
    222 5.187079
    223 2.470103
    224 1.257119
    225 9.367267
    226 3.873216
    227 2.295886
    228 5.210882
    229 3.093615
    230 5.072712
    231 0.204237
    232 6.691858
    233 1.634928
    234 4.770504
    235 5.948290
    236 0.151078
    237 1.341114
    238 2.751641
    239 0.594456
    240 0.774421
    241 4.285920
    242 1.287967
    243 0.940155
    244 2.518260
    245 4.045112
    246 0.796173
    247 2.330536
    248 5.486632
    249 3.514108
    250 1.649151
    251 2.021910
    252 1.725487
    253 0.481464
    254 13078.478555
    255 12816.588601
