      0 2.703941
      1 1.076801
      2 2.098743
      3 0.321405
      4 4.612960
      5 0.499340
      6 1.794284
      7 7.112694
      8 2.088912
      9 0.771670
     10 3.170515
     11 0.392750
     12 5.153357
     13 0.006288
     14 0.686565
     15 0.566957
     16 1.461534
     17 2.974527
     18 0.096253
     19 1.008286
     20 1.013272
     21 0.946097
     22 0.060577
     23 3.042863
     24 0.815604
     25 1.195607
     26 0.754710
     27 0.018777
     28 0.256774
     29 2.472324
     30 0.505495
     31 2.377194
     32 2.735566
     33 5.043681
     34 0.902598
     35 3.988128
     36 3.748580
     37 1.140421
     38 0.713053
     39 2.011008
     40 0.148936
     41 2.618953
     42 0.207412
     43 11.838882
     44 0.883919
     45 0.583239
     46 2.023431
     47 0.481020
     48 0.141673
     49 1.222392
     50 1.558995
     51 1.377113
     52 6.372067
     53 5.808677
     54 1.209874
     55 1.536599
     56 0.007983
     57 0.673434
     58 0.732448
     59 1.305869
     60 0.575716
     61 9.577695
     62 0.978977
     63 5.722645
     64 0.208078
     65 2.304708
     66 0.176107
     67 2.247155
     68 0.088803
     69 0.642992
     70 0.535867
     71 0.363217
     72 2.166713
     73 2.417202
     74 1.755186
     75 1.211756
     76 2.378587
     77 2.353490
     78 1.955944
     79 0.259646
     80 1.194120
     81 1.595278
     82 0.213845
     83 2.503170
     84 7.686044
     85 0.768300
     86 0.893663
     87 0.009794
     88 5.817391
     89 3.399033
     90 0.756581
     91 0.813543
     92 2.550367
     93 8.581485
     94 0.462482
     95 1.778384
     96 2.836946
     97 0.100648
     98 1.044298
     99 2.078922
    100 1.705063
    101 1.496539
    102 1.866822
    103 3.441491
    104 4.175786
    105 3.491916
    106 0.727150
    107 2.215795
    108 5.744669
    109 8.453478
    110 4.725500
    111 1.911201
    112 0.194201
    113 2.351141
    114 0.110644
    115 0.169269
    116 2.175002
    117 1.704108
    118 0.557733
    119 0.969224
    120 1.430477
    121 0.011047
    122 1.741296
    123 0.555986
    124 0.414785
    125 0.682520
    126 0.722325
    127 0.226010
    128 3.438185
    129 2.068088
    130 0.651560
    131 0.353969
    132 3.806990
    133 0.897575
    134 1.546385
    135 0.284321
    136 2.924022
    137 0.697035
    138 1.509248
    139 2.241287
    140 0.456608
    141 4.006518
    142 0.560638
    143 2.111838
    144 2.689517
    145 1.906337
    146 1.023544
    147 0.320558
    148 0.257440
    149 0.204971
    150 3.148724
    151 0.487933
    152 1.727527
    153 2.873454
    154 0.159611
    155 1.758330
    156 3.701769
    157 1.302810
    158 1.986787
    159 0.082270
    160 1.370678
    161 2.528753
    162 0.954059
    163 0.294832
    164 2.721447
    165 0.108520
    166 1.461163
    167 0.689152
    168 7.866852
    169 0.768772
    170 2.460384
    171 1.681414
    172 1.520442
    173 2.178485
    174 6.212148
    175 3.766462
    176 0.448275
    177 5.303994
    178 2.920184
    179 1.896599
    180 1.158921
    181 1.265308
    182 5.179157
    183 1.638648
    184 4.916924
    185 0.424588
    186 0.442657
    187 0.924064
    188 10.355820
    189 0.930856
    190 0.770269
    191 2.689760
    192 0.962622
    193 1.083980
    194 0.184452
    195 1.231546
    196 0.091816
    197 1.024185
    198 0.316311
    199 1.611152
    200 5.651910
    201 2.216331
    202 1.397566
    203 0.438597
    204 2.408508
    205 0.415245
    206 0.099254
    207 0.416678
    208 0.279631
    209 0.977488
    210 1.239314
    211 0.933091
    212 1.322759
    213 0.043375
    214 1.618790
    215 0.288190
    216 3.400679
    217 2.546166
    218 0.214967
    219 1.886128
    220 5.966340
    221 1.830395
    222 11.676454
    223 1.750712
    224 2.438320
    225 0.553429
    226 0.681599
    227 2.316925
    228 0.772955
    229 1.960039
    230 0.070764
    231 2.889045
    232 2.755626
    233 3.149042
    234 2.453432
    235 0.711115
    236 0.978740
    237 1.352722
    238 0.127503
    239 2.297806
    240 1.804222
    241 2.033417
    242 2.234027
    243 1.909323
    244 2.829320
    245 1.342096
    246 0.419926
    247 0.176145
    248 4.191448
    249 1.652537
    250 3.172344
    251 0.011578
    252 0.431285
    253 0.135433
    254 13026.381762
    255 13000.440338
