      0 3.794121
      1 0.832387
      2 0.992982
      3 0.074768
      4 2.903543
      5 0.796778
      6 1.668048
      7 1.038222
      8 1.575988
      9 1.314308
     10 0.966792
     11 2.611612
     12 0.715101
     13 2.800953
     14 1.113442
     15 1.233315
     16 0.941617
     17 3.055705
     18 1.257190
     19 0.259859
     20 1.038960
     21 2.007094
     22 0.932097
     23 1.234804
     24 1.156167
     25 4.048395
     26 0.437173
     27 0.696818
     28 1.563377
     29 3.959670
     30 2.091979
     31 0.725986
     32 0.155131
     33 1.932675
     34 0.821487
     35 0.878243
     36 5.348800
     37 0.089977
     38 2.364756
     39 0.259669
     40 10.867508
     41 2.249723
     42 0.958276
     43 1.006120
     44 1.935171
     45 4.116110
     46 3.317798
     47 3.112264
     48 4.875598
     49 2.549137
     50 2.533864
     51 3.025184
     52 3.427244
     53 4.527923
     54 1.050149
     55 2.603705
     56 0.937347
     57 0.210174
     58 3.477335
     59 0.274891
     60 0.421099
     61 3.413936
     62 0.254457
     63 0.648706
     64 1.554789
     65 0.804122
     66 2.043442
     67 0.225865
     68 5.322528
     69 0.258561
     70 0.563435
     71 1.324970
     72 3.774014
     73 0.634482
     74 0.161581
     75 2.754388
     76 2.520696
     77 1.166549
     78 0.239241
     79 4.491116
     80 1.019990
     81 3.174450
     82 2.478258
     83 1.809932
     84 0.865012
     85 4.000272
     86 0.250519
     87 0.060200
     88 5.861346
     89 0.411749
     90 2.064071
     91 1.758831
     92 1.871066
     93 2.027276
     94 1.066705
     95 0.144612
     96 0.054281
     97 2.083976
     98 3.913827
     99 1.289341
    100 1.933396
    101 2.978081
    102 1.662289
    103 0.546319
    104 4.282372
    105 5.785362
    106 2.055713
    107 2.916331
    108 5.831732
    109 0.973437
    110 0.223146
    111 0.336002
    112 6.440881
    113 1.680181
    114 0.669720
    115 1.146887
    116 3.894605
    117 5.631774
    118 2.136862
    119 7.219398
    120 3.025239
    121 0.608415
    122 0.922977
    123 0.384270
    124 2.628753
    125 0.278238
    126 3.748054
    127 0.539727
    128 1.306356
    129 1.045496
    130 0.328540
    131 5.404204
    132 2.097855
    133 0.520896
    134 5.834165
    135 0.941221
    136 1.135766
    137 0.936569
    138 4.284772
    139 0.241551
    140 1.221996
    141 0.544500
    142 3.493022
    143 5.851067
    144 1.925130
    145 1.528186
    146 5.770032
    147 3.487362
    148 0.559614
    149 0.613754
    150 1.176995
    151 6.033731
    152 3.525462
    153 0.950688
    154 3.195821
    155 0.532202
    156 5.372145
    157 2.083145
    158 4.483504
    159 0.574880
    160 0.939244
    161 0.694782
    162 2.887721
    163 0.841371
    164 1.510270
    165 1.283792
    166 2.981449
    167 2.496214
    168 4.402133
    169 2.867834
    170 4.642966
    171 1.980605
    172 1.576251
    173 8.715259
    174 1.158803
    175 3.108749
    176 1.115631
    177 0.473004
    178 2.327448
    179 0.969593
    180 1.627656
    181 0.232438
    182 3.520912
    183 0.824881
    184 0.205584
    185 0.919770
    186 4.072144
    187 3.082056
    188 0.840178
    189 1.747664
    190 0.349614
    191 5.466654
    192 2.511185
    193 1.233943
    194 1.637694
    195 2.465125
    196 1.715196
    197 2.214531
    198 0.622796
    199 3.110859
    200 3.892531
    201 1.329873
    202 1.272452
    203 1.190913
    204 1.138800
    205 0.108298
    206 0.684375
    207 2.303064
    208 0.609235
    209 3.955788
    210 0.310485
    211 1.267096
    212 0.755443
    213 2.466790
    214 0.508577
    215 0.623571
    216 1.014068
    217 0.469892
    218 5.789008
    219 2.382798
    220 2.665502
    221 0.929641
    222 0.046666
    223 0.117418
    224 0.156819
    225 6.223189
    226 4.431248
    227 1.534341
    228 0.839852
    229 1.627638
    230 1.357247
    231 2.112280
    232 4.539370
    233 0.853129
    234 0.727519
    235 1.033779
    236 1.874852
    237 2.564541
    238 1.094307
    239 0.593087
    240 0.721067
    241 0.019708
    242 4.587382
    243 0.436771
    244 2.834616
    245 0.069800
    246 0.723011
    247 2.133137
    248 2.246347
    249 1.076399
    250 2.749442
    251 1.126792
    252 1.152946
    253 5.033649
    254 12960.857010
    255 13080.732759
