      0 0.533768
      1 0.823535
      2 0.223758
      3 3.302145
      4 0.929827
      5 6.415637
      6 7.220696
      7 0.246924
      8 2.346841
      9 2.291636
     10 1.440600
     11 1.311825
     12 2.520044
     13 0.437686
     14 1.152156
     15 0.709077
     16 0.147912
     17 0.254439
     18 0.526188
     19 0.197918
     20 2.517886
     21 0.309074
     22 1.355594
     23 3.333518
     24 10.226442
     25 0.800300
     26 0.800488
     27 0.398605
     28 1.757519
     29 0.101387
     30 0.100258
     31 0.529097
     32 1.244161
     33 0.641956
     34 0.734127
     35 1.721444
     36 0.457605
     37 2.033181
     38 1.610576
     39 3.676046
     40 1.201891
     41 2.044633
     42 1.844128
     43 2.362526
     44 0.947697
     45 0.516610
     46 1.247228
     47 0.063164
     48 3.482454
     49 1.265088
     50 1.825627
     51 0.678678
     52 0.470250
     53 0.521713
     54 0.419845
     55 5.264763
     56 1.602812
     57 0.347811
     58 4.628320
     59 3.437263
     60 1.307841
     61 1.955492
     62 0.214255
     63 0.299150
     64 1.847691
     65 2.496249
     66 0.445736
     67 0.599904
     68 8.294444
     69 0.898847
     70 5.982573
     71 0.252733
     72 0.471440
     73 1.610947
     74 3.530852
     75 0.701575
     76 0.163566
     77 1.195758
     78 0.274739
     79 0.869284
     80 0.069816
     81 0.421926
     82 2.375730
     83 1.265626
     84 2.375255
     85 0.926759
     86 0.521388
     87 0.926600
     88 0.538669
     89 5.941210
     90 1.809044
     91 1.688837
     92 3.439395
     93 2.387306
     94 0.221979
     95 2.664152
     96 3.464365
     97 4.936164
     98 3.535316
     99 5.012343
    100 0.315093
    101 1.743302
    102 5.740459
    103 6.996820
    104 3.876694
    105 3.669822
    106 0.899567
    107 2.849634
    108 1.627458
    109 0.614122
    110 3.004816
    111 6.588502
    112 0.412488
    113 3.973808
    114 1.954463
    115 3.277849
    116 0.616430
    117 0.094296
    118 3.329433
    119 4.073466
    120 1.087249
    121 0.583260
    122 1.041033
    123 0.658605
    124 2.378527
    125 0.172352
    126 2.900582
    127 0.073805
    128 1.645606
    129 4.616101
    130 1.274109
    131 0.440819
    132 3.324832
    133 4.037129
    134 0.651797
    135 1.395044
    136 0.716790
    137 0.124484
    138 2.352355
    139 3.198138
    140 1.916108
    141 0.134294
    142 6.892309
    143 0.623740
    144 0.935388
    145 0.233152
    146 0.430625
    147 4.005959
    148 0.878020
    149 0.067722
    150 1.094134
    151 1.885024
    152 2.123855
    153 1.409856
    154 2.067994
    155 0.727627
    156 1.825032
    157 3.423531
    158 0.850911
    159 2.091787
    160 0.381752
    161 4.930138
    162 2.023118
    163 7.253867
    164 0.615265
    165 2.990903
    166 5.535448
    167 4.580763
    168 1.280979
    169 0.916499
    170 0.485579
    171 3.451821
    172 1.264570
    173 0.529407
    174 3.649349
    175 5.134481
    176 2.958751
    177 1.968700
    178 2.251179
    179 4.437445
    180 0.768530
    181 3.679357
    182 0.607076
    183 0.206188
    184 2.810261
    185 2.843388
    186 2.094233
    187 5.016501
    188 0.605891
    189 2.620508
    190 0.698996
    191 0.875190
    192 0.303874
    193 2.821725
    194 1.133762
    195 1.231572
    196 5.078327
    197 0.278306
    198 1.002398
    199 0.105502
    200 1.410050
    201 0.133281
    202 0.353272
    203 0.695062
    204 3.521012
    205 0.447877
    206 3.223116
    207 3.432668
    208 0.806994
    209 0.187096
    210 1.885513
    211 1.577117
    212 3.702570
    213 3.973399
    214 5.503767
    215 1.389190
    216 0.097905
    217 0.493982
    218 0.308006
    219 0.605798
    220 0.114444
    221 4.094628
    222 7.063553
    223 0.689815
    224 1.176633
    225 1.740346
    226 1.272565
    227 0.948665
    228 4.429501
    229 1.705255
    230 1.753139
    231 0.846408
    232 1.490711
    233 1.504165
    234 1.299186
    235 1.902019
    236 3.167013
    237 0.443356
    238 1.526166
    239 2.261176
    240 0.190903
    241 1.277061
    242 1.777688
    243 5.622571
    244 1.526264
    245 1.122367
    246 1.039097
    247 0.304156
    248 0.657467
    249 0.478479
    250 0.414351
    251 0.613285
    252 0.706023
    253 0.087506
    254 13202.340017
    255 13441.028372
