      0 5.994829
      1 0.720863
      2 1.655040
      3 0.461536
      4 0.841969
      5 4.959455
      6 0.168250
      7 2.069204
      8 2.825458
      9 1.645737
     10 0.360709
     11 0.308828
     12 2.444073
     13 0.336479
     14 1.452024
     15 0.480619
     16 1.287004
     17 2.292855
     18 0.312575
     19 1.764047
     20 0.749776
     21 0.996371
     22 0.274336
     23 2.512685
     24 5.053495
     25 1.693201
     26 1.110877
     27 0.975304
     28 1.174788
     29 1.371351
     30 1.438340
     31 3.847988
     32 4.988680
     33 2.184320
     34 1.355120
     35 2.286640
     36 0.568825
     37 2.644347
     38 0.008735
     39 6.756634
     40 0.632271
     41 0.741853
     42 1.993423
     43 0.154592
     44 0.227997
     45 6.527831
     46 0.374097
     47 2.319893
     48 0.778122
     49 2.002366
     50 0.040516
     51 0.864698
     52 1.645370
     53 1.008824
     54 3.226115
     55 13.502689
     56 1.393748
     57 0.661986
     58 0.336837
     59 0.140973
     60 6.944806
     61 0.775682
     62 0.025982
     63 1.704333
     64 1.536126
     65 2.957747
     66 3.536764
     67 0.932003
     68 0.557763
     69 0.698829
     70 5.533872
     71 0.276915
     72 3.890064
     73 2.575049
     74 3.193878
     75 0.820332
     76 2.550060
     77 1.523456
     78 1.108298
     79 7.539401
     80 1.423253
     81 1.722002
     82 0.783665
     83 5.034563
     84 1.732891
     85 3.428632
     86 2.475562
     87 0.648299
     88 0.993095
     89 1.369293
     90 0.359330
     91 1.915485
     92 3.088891
     93 7.456093
     94 0.275224
     95 0.170957
     96 3.740692
     97 1.922898
     98 2.609669
     99 0.902232
    100 0.346369
    101 1.760191
    102 1.142706
    103 1.096695
    104 2.314509
    105 1.016970
    106 0.776581
    107 0.203362
    108 0.216900
    109 1.025152
    110 3.576514
    111 0.009413
    112 3.570251
    113 6.428441
    114 1.006564
    115 0.263996
    116 0.722717
    117 2.304416
    118 1.040952
    119 0.464000
    120 0.382494
    121 1.504185
    122 1.801595
    123 3.325046
    124 1.502819
    125 5.839477
    126 3.479100
    127 3.373489
    128 1.720218
    129 1.259521
    130 5.770646
    131 0.206248
    132 8.602170
    133 2.735713
    134 0.508498
    135 0.439006
    136 3.781827
    137 2.678574
    138 2.562382
    139 3.446212
    140 3.276798
    141 1.882409
    142 1.027877
    143 2.624228
    144 3.946197
    145 6.695602
    146 0.281106
    147 4.293444
    148 2.206204
    149 1.135526
    150 0.941393
    151 0.600524
    152 2.679542
    153 0.061233
    154 0.889855
    155 1.150180
    156 3.883260
    157 1.424734
    158 0.348069
    159 0.423389
    160 0.905195
    161 4.221329
    162 4.202257
    163 3.872114
    164 0.325625
    165 2.645106
    166 0.473471
    167 1.603562
    168 0.728579
    169 0.308597
    170 3.201643
    171 3.295972
    172 0.117609
    173 0.040133
    174 0.979342
    175 0.002061
    176 0.490994
    177 3.122115
    178 1.280097
    179 1.000349
    180 1.165215
    181 0.104793
    182 1.273989
    183 3.264593
    184 0.065541
    185 1.612233
    186 1.096288
    187 0.324755
    188 1.936953
    189 4.949770
    190 3.870016
    191 3.087650
    192 2.901972
    193 3.507916
    194 1.036614
    195 1.245441
    196 0.148701
    197 0.490949
    198 6.473231
    199 0.034916
    200 0.190598
    201 4.837825
    202 2.979349
    203 8.096057
    204 2.482359
    205 0.887516
    206 3.093055
    207 1.317033
    208 1.139748
    209 0.920181
    210 4.428120
    211 0.631104
    212 1.432080
    213 0.872170
    214 4.744090
    215 2.027234
    216 1.447225
    217 5.789746
    218 1.982042
    219 1.225254
    220 0.140051
    221 1.113719
    222 2.098788
    223 3.262734
    224 0.934639
    225 1.129548
    226 0.405289
    227 0.613995
    228 0.123382
    229 0.672777
    230 1.934825
    231 3.104717
    232 2.842346
    233 5.184434
    234 1.787881
    235 2.673011
    236 4.100224
    237 1.365821
    238 0.942884
    239 0.129180
    240 1.095897
    241 0.501960
    242 5.781945
    243 0.612644
    244 1.388101
    245 4.164076
    246 1.307410
    247 0.337027
    248 5.627793
    249 0.021559
    250 2.514880
    251 1.143224
    252 1.412149
    253 0.706664
    254 13014.473783
    255 13002.539630
