      0 3.710773
      1 0.212150
      2 1.885609
      3 0.119196
      4 3.476110
      5 0.856667
      6 7.228634
      7 0.303904
      8 2.246194
      9 1.437666
     10 2.736258
     11 2.169854
     12 0.607050
     13 0.028605
     14 0.483491
     15 0.863012
     16 2.518217
     17 0.678007
     18 0.163988
     19 2.815516
     20 1.252328
     21 1.537362
     22 6.678561
     23 0.800638
     24 2.636241
     25 8.590610
     26 1.190934
     27 1.149599
     28 0.273832
     29 7.275626
     30 1.310014
     31 2.577342
     32 1.468239
     33 1.386965
     34 0.131561
     35 0.768644
     36 3.286455
     37 0.285155
     38 3.308073
     39 4.188312
     40 1.246086
     41 1.727951
     42 1.108873
     43 0.669595
     44 0.395992
     45 1.951338
     46 6.260066
     47 1.078960
     48 1.152885
     49 0.066432
     50 2.157045
     51 0.115821
     52 0.292123
     53 0.161814
     54 3.005213
     55 0.657246
     56 1.154537
     57 1.167004
     58 1.193466
     59 1.012671
     60 1.123201
     61 3.587622
     62 0.162936
     63 0.804844
     64 0.484738
     65 0.368868
     66 3.969379
     67 0.135914
     68 7.706630
     69 2.816959
     70 1.886724
     71 1.992341
     72 0.929752
     73 1.479503
     74 0.245815
     75 6.513413
     76 0.655041
     77 9.474418
     78 0.069741
     79 0.147547
     80 7.481603
     81 1.018783
     82 1.511267
     83 3.205692
     84 1.838444
     85 4.696662
     86 0.799975
     87 0.252182
     88 1.871381
     89 0.076609
     90 2.319904
     91 1.060814
     92 1.065061
     93 2.037947
     94 1.079772
     95 2.847488
     96 1.141254
     97 2.385250
     98 1.069734
     99 1.658636
    100 2.728612
    101 2.151420
    102 8.870516
    103 10.017338
    104 0.951591
    105 1.244975
    106 0.616682
    107 4.148922
    108 0.813083
    109 2.104080
    110 0.205798
    111 0.547671
    112 0.224143
    113 1.082076
    114 3.911727
    115 0.839935
    116 5.903554
    117 1.296312
    118 0.086753
    119 0.950270
    120 3.046247
    121 1.053920
    122 0.210777
    123 1.896033
    124 5.258973
    125 2.659588
    126 1.069882
    127 2.683855
    128 1.066105
    129 4.563684
    130 1.549254
    131 0.057753
    132 4.274889
    133 2.945872
    134 5.051003
    135 2.901245
    136 3.565792
    137 1.182688
    138 4.084700
    139 0.368600
    140 0.352655
    141 0.127713
    142 2.437653
    143 0.561154
    144 0.120727
    145 0.627742
    146 7.135071
    147 1.914551
    148 4.885321
    149 4.163485
    150 1.108636
    151 3.321302
    152 0.282711
    153 8.551801
    154 3.824438
    155 4.266846
    156 3.455282
    157 3.588262
    158 1.873411
    159 0.776073
    160 2.243831
    161 2.680757
    162 0.033241
    163 0.290102
    164 2.035445
    165 6.654660
    166 4.835054
    167 0.314485
    168 1.388865
    169 0.426760
    170 0.120429
    171 1.872706
    172 4.604574
    173 4.976210
    174 1.101720
    175 0.533884
    176 4.382963
    177 1.334335
    178 0.636663
    179 0.034944
    180 2.147492
    181 1.871266
    182 1.388831
    183 3.107442
    184 4.286137
    185 1.392086
    186 3.015021
    187 2.084884
    188 0.751024
    189 1.393847
    190 3.642583
    191 1.364679
    192 2.352300
    193 1.374076
    194 6.714137
    195 5.824671
    196 1.441437
    197 0.213334
    198 3.619315
    199 0.893059
    200 6.349098
    201 4.726002
    202 0.501274
    203 2.189927
    204 0.194537
    205 4.272849
    206 1.929765
    207 0.698212
    208 0.626205
    209 1.983543
    210 1.419682
    211 2.704052
    212 1.843273
    213 2.381817
    214 0.482017
    215 1.465753
    216 0.159316
    217 8.975945
    218 3.510112
    219 1.628370
    220 1.277138
    221 0.419053
    222 2.735715
    223 7.815014
    224 0.552194
    225 0.017937
    226 0.394238
    227 1.287014
    228 0.962929
    229 4.302083
    230 5.328753
    231 2.912936
    232 6.063417
    233 3.971823
    234 3.445830
    235 2.182126
    236 5.703504
    237 0.645404
    238 1.686975
    239 1.951828
    240 3.667122
    241 0.271648
    242 1.018826
    243 1.825272
    244 0.588995
    245 4.784046
    246 2.930912
    247 0.132198
    248 0.060250
    249 1.270368
    250 0.577307
    251 0.567468
    252 3.227562
    253 2.480265
    254 12770.153512
    255 13274.037702
