      0 4.044090
      1 0.713774
      2 0.648639
      3 1.717047
      4 0.017439
      5 0.029379
      6 5.097615
      7 4.372315
      8 0.935868
      9 2.147718
     10 0.084185
     11 2.700343
     12 0.347778
     13 1.862834
     14 2.758035
     15 0.154958
     16 1.724778
     17 2.679201
     18 0.090967
     19 1.718218
     20 2.917251
     21 2.523475
     22 0.369614
     23 2.873435
     24 0.405561
     25 1.357771
     26 1.840985
     27 0.043157
     28 0.115179
     29 1.736024
     30 1.048393
     31 5.060450
     32 1.574126
     33 0.815107
     34 1.527719
     35 0.060685
     36 0.621989
     37 1.816564
     38 1.189212
     39 0.682255
     40 2.614970
     41 1.582579
     42 0.266325
     43 0.137598
     44 1.287659
     45 2.425060
     46 3.384854
     47 0.591354
     48 1.054751
     49 2.742418
     50 0.594486
     51 1.000067
     52 4.390974
     53 0.361804
     54 0.595273
     55 2.271728
     56 1.289700
     57 0.831637
     58 0.941262
     59 1.694441
     60 0.884376
     61 0.251837
     62 7.301955
     63 1.251263
     64 0.100870
     65 1.819311
     66 0.660412
     67 0.169471
     68 0.423881
     69 2.435863
     70 1.615996
     71 0.584189
     72 0.599165
     73 1.079767
     74 0.181957
     75 0.146742
     76 1.478971
     77 3.257792
     78 0.111799
     79 2.862135
     80 5.975542
     81 4.424169
     82 0.096382
     83 4.673525
     84 0.074129
     85 0.728985
     86 2.415681
     87 0.556823
     88 0.475745
     89 2.490912
     90 1.449484
     91 0.507024
     92 3.144499
     93 4.030711
     94 2.449655
     95 0.403912
     96 2.536610
     97 3.664128
     98 1.910737
     99 3.583260
    100 0.175298
    101 1.223388
    102 1.756728
    103 1.989948
    104 2.368366
    105 0.946332
    106 0.347652
    107 1.340238
    108 0.621917
    109 2.590320
    110 1.085658
    111 1.749072
    112 2.652394
    113 1.775365
    114 0.053550
    115 0.272196
    116 1.914011
    117 0.603331
    118 0.213830
    119 3.452435
    120 0.064612
    121 5.130615
    122 3.738370
    123 0.844468
    124 1.371298
    125 8.064662
    126 2.310537
    127 1.173531
    128 0.998440
    129 0.910116
    130 0.742865
    131 4.741308
    132 2.124619
    133 2.470480
    134 2.196705
    135 0.020132
    136 0.078001
    137 0.916148
    138 0.889304
    139 1.583224
    140 0.054250
    141 0.013663
    142 6.164720
    143 2.401104
    144 2.632273
    145 5.154387
    146 3.667040
    147 1.928548
    148 2.584256
    149 3.408500
    150 0.505231
    151 0.620690
    152 0.584637
    153 0.146308
    154 1.789258
    155 0.231706
    156 0.769464
    157 4.313888
    158 2.479700
    159 0.755954
    160 0.122802
    161 0.421659
    162 1.533098
    163 0.758983
    164 0.686357
    165 0.489671
    166 0.908462
    167 0.016126
    168 0.026031
    169 0.115804
    170 1.814164
    171 4.684492
    172 3.044910
    173 1.031876
    174 4.317819
    175 2.935218
    176 0.352503
    177 1.337272
    178 1.494361
    179 4.726403
    180 2.989300
    181 0.612844
    182 2.523129
    183 1.020684
    184 1.671562
    185 0.517624
    186 1.812480
    187 0.100132
    188 0.442578
    189 0.087884
    190 3.497349
    191 2.613701
    192 1.904785
    193 1.377585
    194 0.192782
    195 0.499667
    196 1.505401
    197 4.961347
    198 0.884181
    199 2.088948
    200 0.477175
    201 2.049698
    202 0.862522
    203 0.940254
    204 0.018529
    205 5.329942
    206 0.482243
    207 1.834654
    208 0.933752
    209 1.305013
    210 1.280980
    211 2.016950
    212 0.270894
    213 0.213148
    214 6.188260
    215 1.120725
    216 0.365787
    217 1.594579
    218 0.476209
    219 1.651944
    220 0.753473
    221 0.358667
    222 3.827929
    223 1.756053
    224 1.239697
    225 0.294243
    226 0.551590
    227 0.040470
    228 1.909530
    229 3.136857
    230 4.176327
    231 2.899612
    232 0.507437
    233 2.810517
    234 5.407223
    235 3.290186
    236 4.193916
    237 2.730292
    238 3.827852
    239 6.284720
    240 1.144050
    241 0.378296
    242 1.558100
    243 0.756263
    244 2.347320
    245 3.121267
    246 3.471474
    247 1.083792
    248 0.444002
    249 3.390024
    250 1.316524
    251 0.104020
    252 0.838046
    253 0.683464
    254 13207.924116
    255 12979.950668
