      0 0.557777
      1 0.752126
      2 0.541228
      3 2.861924
      4 3.246829
      5 1.710346
      6 2.840787
      7 0.730400
      8 0.960352
      9 1.745904
     10 0.712148
     11 1.133090
     12 0.863472
     13 1.087342
     14 4.441061
     15 2.598148
     16 1.400929
     17 1.645576
     18 1.371300
     19 0.400655
     20 3.081852
     21 1.119356
     22 0.872244
     23 2.687031
     24 0.171836
     25 0.416910
     26 0.960429
     27 0.341087
     28 6.517925
     29 1.548687
     30 6.414573
     31 0.428821
     32 1.675903
     33 1.163093
     34 4.156748
     35 0.501411
     36 2.915621
     37 0.282572
     38 0.934696
     39 0.013186
     40 0.489306
     41 2.334788
     42 1.924982
     43 5.141921
     44 2.038105
     45 8.440062
     46 1.369831
     47 3.330661
     48 0.026474
     49 0.842651
     50 0.685182
     51 0.438188
     52 3.375421
     53 0.371269
     54 2.523839
     55 0.046221
     56 4.278942
     57 8.638782
     58 1.413031
     59 0.232384
     60 1.422240
     61 5.218970
     62 7.600136
     63 6.593600
     64 0.365425
     65 3.225607
     66 3.273109
     67 0.967382
     68 0.898796
     69 0.764418
     70 2.871392
     71 0.357839
     72 3.211660
     73 0.831410
     74 0.099525
     75 3.063129
     76 5.341974
     77 0.616871
     78 2.682584
     79 2.962391
     80 1.771264
     81 0.076167
     82 3.038509
     83 2.181596
     84 1.098938
     85 7.139851
     86 4.159692
     87 1.775314
     88 0.437087
     89 0.709843
     90 0.225551
     91 0.134696
     92 3.236413
     93 0.039546
     94 2.517771
     95 0.964597
     96 0.992200
     97 0.009715
     98 1.225348
     99 1.022171
    100 2.002613
    101 0.639739
    102 0.721453
    103 0.563271
    104 2.348877
    105 0.327009
    106 3.456740
    107 2.282618
    108 2.180365
    109 2.906101
    110 4.302103
    111 1.380114
    112 2.183390
    113 3.613489
    114 0.701145
    115 1.589922
    116 0.676049
    117 2.579892
    118 2.543385
    119 3.819421
    120 0.390484
    121 0.837655
    122 4.047519
    123 4.187309
    124 2.924425
    125 0.140053
    126 2.156662
    127 3.024739
    128 0.573109
    129 0.201640
    130 2.259408
    131 0.480434
    132 3.196980
    133 0.246873
    134 1.472528
    135 2.378755
    136 0.618382
    137 1.458017
    138 1.936851
    139 3.322958
    140 3.236692
    141 2.117774
    142 4.688723
    143 0.747780
    144 2.969131
    145 0.581203
    146 1.209854
    147 1.114645
    148 1.234959
    149 2.966427
    150 1.317924
    151 0.306743
    152 0.355141
    153 2.199966
    154 0.510900
    155 0.496661
    156 3.148372
    157 0.040332
    158 0.060714
    159 0.475147
    160 0.827057
    161 1.310951
    162 0.662780
    163 1.176428
    164 1.211584
    165 2.474698
    166 0.890570
    167 1.136254
    168 0.283685
    169 2.120371
    170 1.943072
    171 0.085536
    172 0.233820
    173 3.599715
    174 4.207866
    175 0.104622
    176 2.675206
    177 1.590360
    178 2.012711
    179 3.241912
    180 1.999441
    181 0.924046
    182 4.533602
    183 0.657931
    184 0.364002
    185 2.123858
    186 9.463006
    187 1.439480
    188 0.142409
    189 1.610823
    190 2.810135
    191 0.563956
    192 4.248230
    193 4.674895
    194 0.090004
    195 0.777680
    196 0.166914
    197 6.839250
    198 1.954720
    199 2.814549
    200 1.362732
    201 0.744878
    202 13.066911
    203 0.361355
    204 1.391561
    205 8.174639
    206 0.898818
    207 0.384048
    208 3.683299
    209 1.783999
    210 0.812655
    211 3.723055
    212 0.301749
    213 0.692104
    214 0.681669
    215 0.862745
    216 0.903947
    217 3.885427
    218 0.406372
    219 2.309797
    220 3.681936
    221 1.510359
    222 0.850045
    223 0.554492
    224 3.830773
    225 0.596000
    226 1.609502
    227 2.933071
    228 2.931145
    229 2.300518
    230 0.339058
    231 7.114144
    232 1.965830
    233 3.219887
    234 2.028336
    235 0.008378
    236 0.136234
    237 0.070245
    238 0.330542
    239 0.119491
    240 3.074580
    241 3.014434
    242 0.871598
    243 1.243707
    244 1.021825
    245 0.513396
    246 2.811109
    247 0.150331
    248 2.928377
    249 0.346644
    250 2.717567
    251 1.877480
    252 1.609167
    253 0.464721
    254 13235.763502
    255 12951.295323
