      0 10.120135
      1 5.371909
      2 2.871990
      3 2.373948
      4 1.394261
      5 0.514815
      6 1.929938
      7 4.991290
      8 0.165981
      9 0.572906
     10 1.906227
     11 0.992885
     12 0.684351
     13 2.539001
     14 0.003317
     15 0.091823
     16 4.099320
     17 0.099406
     18 1.912911
     19 0.504239
     20 0.158079
     21 5.351341
     22 3.121672
     23 0.625481
     24 0.074605
     25 2.077074
     26 1.042834
     27 5.814908
     28 0.584062
     29 0.377582
     30 1.088512
     31 4.519659
     32 0.529293
     33 3.802177
     34 1.501836
     35 0.483211
     36 6.918917
     37 5.117074
     38 0.511599
     39 6.364902
     40 0.582778
     41 0.818729
     42 0.906946
     43 1.047512
     44 0.785896
     45 0.017303
     46 3.413595
     47 1.511748
     48 0.093860
     49 2.306085
     50 0.053062
     51 0.220145
     52 0.820657
     53 0.684529
     54 0.228169
     55 0.529659
     56 2.748239
     57 0.025073
     58 5.854172
     59 1.505578
     60 4.487367
     61 0.479412
     62 0.688956
     63 0.772092
     64 0.584486
     65 3.859388
     66 0.470495
     67 0.333517
     68 0.905261
     69 0.188810
     70 1.563962
     71 4.102750
     72 3.905735
     73 5.857732
     74 0.692755
     75 9.992900
     76 0.451431
     77 1.555847
     78 1.908079
     79 1.857668
     80 2.856227
     81 2.320495
     82 2.378993
     83 5.896417
     84 0.293329
     85 3.744535
     86 1.438974
     87 4.954087
     88 2.828719
     89 3.529730
     90 1.990916
     91 2.431478
     92 1.302941
     93 2.636211
     94 3.066767
     95 2.423156
     96 1.097344
     97 0.536775
     98 5.961480
     99 0.777034
    100 4.583153
    101 0.736713
    102 3.195144
    103 0.692177
    104 0.019898
    105 1.206517
    106 4.613009
    107 1.209921
    108 0.100950
    109 0.796548
    110 1.461594
    111 1.034666
    112 1.133447
    113 0.964863
    114 1.619101
    115 0.356832
    116 2.269004
    117 0.889615
    118 2.569593
    119 4.903253
    120 1.129814
    121 0.098527
    122 5.383064
    123 7.346171
    124 1.233086
    125 1.429018
    126 2.685572
    127 3.060153
    128 3.194672
    129 0.520645
    130 3.618764
    131 2.484912
    132 0.796855
    133 2.460381
    134 4.104446
    135 0.087552
    136 1.529388
    137 1.989288
    138 4.334915
    139 2.565659
    140 0.008475
    141 1.012816
    142 0.805428
    143 2.182764
    144 0.292453
    145 0.171227
    146 0.382731
    147 0.138188
    148 1.930029
    149 0.970942
    150 0.162817
    151 0.724500
    152 2.855524
    153 0.511626
    154 1.700439
    155 0.547278
    156 1.328049
    157 2.469938
    158 3.604202
    159 4.032071
    160 2.638199
    161 2.651208
    162 5.037096
    163 1.292099
    164 7.261191
    165 2.740231
    166 1.020355
    167 3.835483
    168 3.432522
    169 1.849857
    170 0.428930
    171 0.514435
    172 0.653401
    173 0.505296
    174 0.388803
    175 0.714425
    176 3.851967
    177 2.392120
    178 0.251999
    179 0.961841
    180 2.134991
    181 0.403945
    182 0.109821
    183 3.529917
    184 7.348236
    185 1.417754
    186 1.288096
    187 2.282789
    188 1.497516
    189 0.213926
    190 1.339947
    191 1.703623
    192 15.014621
    193 2.262079
    194 0.069866
    195 1.704153
    196 0.650683
    197 6.045152
    198 4.101879
    199 2.037049
    200 0.485702
    201 2.043747
    202 15.968070
    203 0.428195
    204 0.691785
    205 3.070222
    206 0.585349
    207 6.608106
    208 0.735500
    209 1.380958
    210 0.406910
    211 0.035382
    212 3.251308
    213 2.675763
    214 1.768050
    215 0.179797
    216 1.240750
    217 6.518789
    218 0.308989
    219 2.033782
    220 0.344425
    221 0.880900
    222 1.854797
    223 3.374838
    224 12.378752
    225 0.684928
    226 0.627391
    227 0.443940
    228 0.378318
    229 0.577133
    230 0.088089
    231 1.594666
    232 3.000216
    233 1.713812
    234 2.144746
    235 0.881164
    236 2.036058
    237 1.313814
    238 2.971394
    239 3.236446
    240 5.551197
    241 2.851128
    242 0.341525
    243 3.201062
    244 0.460212
    245 3.421076
    246 3.411097
    247 2.159731
    248 0.890491
    249 0.368762
    250 3.164031
    251 0.726316
    252 1.598296
    253 1.732402
    254 12789.661416
    255 12706.619027
