      0 2.811912
      1 2.115522
      2 0.215449
      3 2.077702
      4 0.504927
      5 1.215776
      6 3.394900
      7 0.540836
      8 15.320422
      9 5.332885
     10 0.071231
     11 1.420105
     12 1.849434
     13 2.134541
     14 5.049519
     15 1.695934
     16 1.488770
     17 1.397305
     18 1.451640
     19 3.723481
     20 2.172482
     21 1.082557
     22 2.572021
     23 1.727069
     24 1.917818
     25 1.691122
     26 1.803299
     27 0.534385
     28 4.295450
     29 1.185521
     30 1.401837
     31 2.197075
     32 2.853499
     33 7.563246
     34 0.327072
     35 0.179169
     36 5.915849
     37 0.575461
     38 1.479534
     39 1.480208
     40 3.139525
     41 0.857036
     42 1.588725
     43 0.157971
     44 1.575767
     45 0.244190
     46 3.248689
     47 0.139222
     48 2.097221
     49 2.358647
     50 2.532803
     51 3.079876
     52 0.243251
     53 0.856169
     54 1.765832
     55 1.916368
     56 0.020055
     57 5.390945
     58 4.011875
     59 2.054683
     60 0.545093
     61 1.450921
     62 3.058462
     63 0.986189
     64 1.430176
     65 0.071299
     66 2.077310
     67 0.572686
     68 3.641957
     69 3.022228
     70 0.090194
     71 0.128155
     72 5.708954
     73 9.637318
     74 0.713108
     75 1.731970
     76 1.246517
     77 0.875813
     78 0.219760
     79 1.433743
     80 0.088682
     81 0.243505
     82 2.118454
     83 6.753689
     84 2.078415
     85 2.161033
     86 0.313128
     87 2.739054
     88 1.653949
     89 4.092073
     90 1.183890
     91 0.551925
     92 1.494410
     93 1.317216
     94 1.989614
     95 0.810311
     96 2.388328
     97 1.483803
     98 1.981780
     99 3.736334
    100 3.678204
    101 0.325011
    102 0.856588
    103 0.525967
    104 0.408998
    105 0.076001
    106 0.491114
    107 1.062609
    108 0.703022
    109 0.274732
    110 0.771115
    111 0.474108
    112 0.202491
    113 0.749368
    114 2.028376
    115 2.377272
    116 0.451542
    117 0.434103
    118 1.202686
    119 1.646145
    120 2.274022
    121 0.334442
    122 0.206239
    123 1.136198
    124 1.124866
    125 0.731639
    126 0.287805
    127 3.584111
    128 1.392835
    129 2.473264
    130 0.130090
    131 2.753897
    132 0.257491
    133 0.608474
    134 3.165279
    135 3.109179
    136 0.025657
    137 0.855389
    138 0.631904
    139 1.771259
    140 1.022183
    141 1.020439
    142 0.118792
    143 0.462918
    144 4.116447
    145 2.720550
    146 3.351303
    147 1.127840
    148 0.294908
    149 1.825460
    150 1.119554
    151 11.508521
    152 0.291994
    153 5.269496
    154 0.007518
    155 0.280189
    156 0.010087
    157 0.966068
    158 0.116221
    159 2.556971
    160 2.793523
    161 0.564008
    162 0.050313
    163 5.962365
    164 2.110499
    165 0.937142
    166 0.151341
    167 1.593457
    168 1.460325
    169 2.499810
    170 1.224260
    171 10.912506
    172 1.888907
    173 7.388836
    174 1.563059
    175 0.118030
    176 1.586665
    177 1.355381
    178 1.487514
    179 2.206185
    180 0.257153
    181 0.602140
    182 1.187855
    183 2.246833
    184 0.903101
    185 0.568023
    186 0.436486
    187 2.506781
    188 4.218608
    189 0.547091
    190 1.586687
    191 0.255101
    192 1.732619
    193 1.292849
    194 0.069623
    195 3.956423
    196 0.769684
    197 0.893342
    198 3.829551
    199 4.910740
    200 3.822321
    201 5.413266
    202 1.117341
    203 2.960064
    204 5.100960
    205 5.746862
    206 1.738944
    207 1.774479
    208 1.794847
    209 2.996624
    210 5.394365
    211 0.195297
    212 1.971123
    213 0.514585
    214 0.537728
    215 0.594773
    216 2.318310
    217 0.031664
    218 0.851591
    219 2.155569
    220 0.163452
    221 1.730328
    222 3.447952
    223 2.795815
    224 1.040692
    225 4.204579
    226 1.144935
    227 0.549327
    228 7.311647
    229 0.415367
    230 0.248594
    231 3.238355
    232 0.677104
    233 1.765021
    234 1.174195
    235 0.500555
    236 2.626596
    237 0.185192
    238 0.716943
    239 6.400876
    240 3.838029
    241 3.076525
    242 2.957347
    243 5.441893
    244 0.445139
    245 2.170476
    246 0.116572
    247 0.145809
    248 2.865171
    249 4.526576
    250 0.403373
    251 0.247860
    252 1.163822
    253 1.736593
    254 0.896092
    255 0.227377
