      0 2.276269
      1 1.940003
      2 6.044179
      3 9.102363
      4 3.722238
      5 3.227236
      6 0.630681
      7 1.528440
      8 0.470199
      9 0.054738
     10 4.020673
     11 0.637319
     12 0.533812
     13 1.368070
     14 1.062626
     15 2.317605
     16 0.448157
     17 2.616759
     18 9.798166
     19 0.105177
     20 0.236102
     21 4.822508
     22 2.454822
     23 6.623584
     24 0.844869
     25 2.372512
     26 2.632726
     27 0.524468
     28 3.996964
     29 1.490596
     30 0.086385
     31 0.155863
     32 2.086320
     33 1.369464
     34 0.556860
     35 0.008678
     36 0.594940
     37 3.391117
     38 2.844943
     39 1.914391
     40 1.025865
     41 6.601610
     42 1.193195
     43 0.216617
     44 1.131198
     45 1.181337
     46 2.579682
     47 2.977671
     48 1.307462
     49 0.792523
     50 2.245969
     51 2.984517
     52 2.072176
     53 0.796739
     54 1.043946
     55 3.721993
     56 1.395876
     57 0.168531
     58 0.384409
     59 6.524249
     60 1.647484
     61 0.082527
     62 0.766151
     63 2.757538
     64 0.264396
     65 1.621524
     66 3.454630
     67 1.974368
     68 5.184816
     69 1.575261
     70 1.624887
     71 2.015770
     72 3.626335
     73 4.689317
     74 2.150986
     75 2.567185
     76 0.887633
     77 5.228935
     78 0.249714
     79 2.384614
     80 0.598123
     81 1.322623
     82 3.979106
     83 0.711355
     84 3.212777
     85 0.775655
     86 4.748949
     87 2.433685
     88 1.755713
     89 0.282443
     90 2.363993
     91 2.441749
     92 2.360893
     93 5.830619
     94 4.908193
     95 0.402709
     96 8.259733
     97 7.341210
     98 3.132528
     99 1.394755
    100 7.076829
    101 1.519295
    102 0.273971
    103 10.130165
    104 0.774120
    105 0.673353
    106 3.448708
    107 0.035578
    108 2.843604
    109 0.964338
    110 0.880639
    111 0.242696
    112 2.682484
    113 2.495612
    114 1.066128
    115 3.353191
    116 2.559505
    117 1.959683
    118 6.052784
    119 2.853098
    120 1.630114
    121 0.825086
    122 9.010496
    123 1.104104
    124 2.025346
    125 2.642652
    126 1.263312
    127 3.880647
    128 7.153134
    129 0.760054
    130 2.592628
    131 2.217005
    132 0.239313
    133 6.394752
    134 0.257663
    135 0.907422
    136 4.147520
    137 2.242713
    138 0.497547
    139 0.153834
    140 1.418973
    141 2.654388
    142 2.975689
    143 3.758840
    144 5.114391
    145 0.097638
    146 0.632798
    147 0.145474
    148 1.595945
    149 0.140563
    150 0.645752
    151 1.356665
    152 0.984169
    153 0.448990
    154 1.161763
    155 1.018505
    156 2.375848
    157 0.454453
    158 2.291349
    159 2.533804
    160 8.188592
    161 5.583371
    162 0.400380
    163 1.281857
    164 0.660805
    165 0.916181
    166 0.592977
    167 6.062064
    168 0.010093
    169 0.984815
    170 0.813122
    171 1.328192
    172 1.416929
    173 0.179477
    174 2.577472
    175 1.459182
    176 0.856927
    177 3.615532
    178 1.551645
    179 5.172530
    180 0.690913
    181 0.702507
    182 2.263364
    183 0.936605
    184 0.164660
    185 4.290819
    186 0.036344
    187 0.410368
    188 1.028098
    189 2.876560
    190 0.482678
    191 3.964043
    192 2.564983
    193 3.549176
    194 1.366752
    195 1.427243
    196 1.721696
    197 1.584238
    198 0.976245
    199 0.194938
    200 0.143524
    201 0.002469
    202 7.810291
    203 2.460655
    204 1.616206
    205 1.900914
    206 0.811113
    207 0.487334
    208 0.496467
    209 7.642718
    210 1.586159
    211 3.056375
    212 0.113539
    213 1.112717
    214 2.352333
    215 0.803474
    216 2.457539
    217 1.731917
    218 5.737400
    219 2.032406
    220 1.802124
    221 2.175939
    222 3.570084
    223 3.239031
    224 1.324789
    225 2.478504
    226 0.356874
    227 1.431499
    228 0.590416
    229 3.036624
    230 3.013592
    231 0.374491
    232 0.021545
    233 0.602787
    234 0.029439
    235 3.018036
    236 0.673426
    237 1.475972
    238 0.666113
    239 2.519556
    240 5.212505
    241 0.982239
    242 0.668384
    243 0.067388
    244 2.482261
    245 0.433229
    246 0.680265
    247 1.435935
    248 2.278818
    249 3.194021
    250 0.136405
    251 0.017839
    252 3.355448
    253 2.048371
    254 8093.149844
    255 8201.904285
